Me faltan
FWC рџЏ†: 1
FWC рџ“њ: 18
MEX рџ‡Ірџ‡Ң: 2, 8, 9, 11, 13, 20
RSA рџ‡үрџ‡¦: 8, 17
KOR рџ‡°рџ‡·: 11, 16
CZE рџ‡Ёрџ‡ү: 2, 8, 16
CAN рџ‡Ёрџ‡¦: 3, 9, 11
BIH рџ‡§рџ‡¦: 1, 3, 4, 7, 8, 10, 12, 13
QAT рџ‡¶рџ‡¦: 1, 9, 13, 17, 18
SUI рџ‡Ёрџ‡­: 4, 8, 13, 16, 19
BRA рџ‡§рџ‡·: 4, 8
MAR рџ‡Ірџ‡¦: 2, 9, 10, 12, 17
HAI рџ‡­рџ‡№: 1
SCO рџЏөу Ѓ§у Ѓұу Ѓіу ЃӘу Ѓөу Ѓү: 2, 8, 9, 12, 13, 16, 17, 20
USA рџ‡ғрџ‡ё: 8, 9, 12, 13, 15
PAR рџ‡µрџ‡ң: 5, 13, 20
AUS рџ‡¦рџ‡ғ: 5, 6, 7, 9, 18, 19
TUR рџ‡№рџ‡·: 1, 2
GER рџ‡©рџ‡Ғ: 1, 5
CUW рџ‡Ёрџ‡ә: 1
CIV рџ‡Ёрџ‡®: 1, 11, 18, 20
ECU рџ‡Ғрџ‡Ё: 2, 11, 13, 16, 18
NED рџ‡ірџ‡±: 7, 9, 10, 11, 15, 20
JPN рџ‡Үрџ‡µ: 2, 3, 5
SWE рџ‡ёрџ‡Ғ: 1, 8, 10, 11, 12, 13, 15, 16, 17
TUN рџ‡№рџ‡і: 2, 6, 11, 14, 17
BEL рџ‡§рџ‡Ғ: 3, 6, 10, 15, 19, 20
EGY рџ‡Ғрџ‡¬: 13, 15, 19
IRN рџ‡®рџ‡·: 1, 13, 19
NZL рџ‡ірџ‡ү: 15
ESP рџ‡Ғрџ‡ё: 4, 7
CPV рџ‡Ёрџ‡»: 1, 5
KSA рџ‡ёрџ‡¦: 5, 12, 13, 16, 17
URU рџ‡ғрџ‡ң: 2, 8, 13, 16, 20
FRA рџ‡«рџ‡·: 2, 3, 4, 6, 9, 10, 14, 16
SEN рџ‡ёрџ‡і: 7, 10, 11, 19
IRQ рџ‡®рџ‡¶: 2, 6, 8, 9, 12, 20
NOR рџ‡ірџ‡ө: 1, 4, 5, 8, 11, 12, 13, 19
ARG рџ‡¦рџ‡·: 11, 17
ALG рџ‡©рџ‡ү: 2, 4, 5, 6, 7, 8, 9, 12, 15, 16, 17, 18, 19, 20
AUT рџ‡¦рџ‡№: 3, 8, 9, 12, 14, 16, 17
JOR рџ‡Үрџ‡ө: 3, 4, 7, 15, 18, 19, 20
POR рџ‡µрџ‡№: 12
COD рџ‡Ёрџ‡©: 7, 9
UZB рџ‡ғрџ‡ү: 4, 9, 17, 19
COL рџ‡Ёрџ‡ө: 2, 5, 9, 18, 20
ENG рџЏөу Ѓ§у Ѓұу ЃӨу Ѓ®у Ѓ§у Ѓү: 1, 3, 8
CRO рџ‡­рџ‡·: 1, 3, 7
GHA рџ‡¬рџ‡­: 5, 7, 14, 18
PAN рџ‡µрџ‡¦: 4, 10, 13, 14, 15, 17, 18
CC рџӨ¤: 2, 3, 4, 5, 6, 9, 10, 11, 14

Repetidas
FWC рџЏ†: 00, 4
FWC рџЊҺ: 5
FWC рџ“њ: 9, 10, 11, 13, 14, 15, 16, 19
MEX рџ‡Ірџ‡Ң: 1, 5, 10, 14, 16, 17, 19
RSA рџ‡үрџ‡¦: 1, 3, 5, 6, 7, 9, 11, 14, 16, 19, 20
KOR рџ‡°рџ‡·: 1, 3, 4, 5, 6, 7, 12
CZE рџ‡Ёрџ‡ү: 7, 11
CAN рџ‡Ёрџ‡¦: 2, 4, 5, 8, 10, 12, 15, 16, 18, 20
BIH рџ‡§рџ‡¦: 2, 5, 9, 11, 14, 16, 17, 18
QAT рџ‡¶рџ‡¦: 3, 4, 6, 7, 8, 11, 16
SUI рџ‡Ёрџ‡­: 2, 3, 6, 10, 11
BRA рџ‡§рџ‡·: 2, 6, 7, 12, 17, 19
MAR рџ‡Ірџ‡¦: 1, 3, 4, 7, 15, 18
HAI рџ‡­рџ‡№: 3, 4, 5, 8, 9, 12, 13, 17, 18
SCO рџЏөу Ѓ§у Ѓұу Ѓіу ЃӘу Ѓөу Ѓү: 3, 4, 6, 10, 14
USA рџ‡ғрџ‡ё: 1, 2, 6, 11, 17, 20
PAR рџ‡µрџ‡ң: 1, 8, 9, 11, 12, 15, 16, 17, 19
AUS рџ‡¦рџ‡ғ: 1, 2, 3, 8, 10, 16, 17
TUR рџ‡№рџ‡·: 6, 12, 17
GER рџ‡©рџ‡Ғ: 2, 3, 6, 7, 10, 15, 17, 18
CUW рџ‡Ёрџ‡ә: 2, 3, 4, 6, 8, 10, 11, 14, 15, 16, 18, 20
CIV рџ‡Ёрџ‡®: 2, 4, 5, 8, 14
ECU рџ‡Ғрџ‡Ё: 1, 6, 7, 10, 12, 17
NED рџ‡ірџ‡±: 2, 4, 12, 16
JPN рџ‡Үрџ‡µ: 1, 6, 7, 8, 9, 10, 11, 12, 13, 17, 18, 20
SWE рџ‡ёрџ‡Ғ: 2, 6, 7, 9, 14
TUN рџ‡№рџ‡і: 5, 8, 13, 19
BEL рџ‡§рџ‡Ғ: 4, 12, 17
EGY рџ‡Ғрџ‡¬: 2, 6, 10, 16
IRN рџ‡®рџ‡·: 4, 8, 10, 12, 14, 15, 16, 17, 20
NZL рџ‡ірџ‡ү: 5, 6, 8, 9, 11, 12, 13, 16, 17, 18, 20
ESP рџ‡Ғрџ‡ё: 2, 5, 6, 12, 14, 15, 17, 20
CPV рџ‡Ёрџ‡»: 3, 6, 7, 11, 19, 20
KSA рџ‡ёрџ‡¦: 1, 6, 7, 15, 19
URU рџ‡ғрџ‡ң: 7, 10, 14
FRA рџ‡«рџ‡·: 5, 17
SEN рџ‡ёрџ‡і: 2, 4, 5, 8, 9, 13, 15, 16, 17, 18
IRQ рџ‡®рџ‡¶: 3, 7, 19
NOR рџ‡ірџ‡ө: 6, 16, 17
ARG рџ‡¦рџ‡·: 5, 9, 12, 13, 14, 15, 16, 18
ALG рџ‡©рџ‡ү: 11, 13, 14
AUT рџ‡¦рџ‡№: 2, 4, 5, 6, 10, 15, 19, 20
JOR рџ‡Үрџ‡ө: 2, 5, 10, 13
POR рџ‡µрџ‡№: 1, 2, 4, 5, 6, 10, 11, 13, 14, 15, 16, 18, 19, 20
COD рџ‡Ёрџ‡©: 1, 2, 4, 11, 16, 19, 20
UZB рџ‡ғрџ‡ү: 3, 6, 8, 10, 15, 16
COL рџ‡Ёрџ‡ө: 4, 8
ENG рџЏөу Ѓ§у Ѓұу ЃӨу Ѓ®у Ѓ§у Ѓү: 11, 14, 15, 17
CRO рџ‡­рџ‡·: 4, 5, 8, 9, 12, 13, 14, 15, 17, 20
GHA рџ‡¬рџ‡­: 2, 3, 4, 6, 8, 9, 17, 19, 20
PAN рџ‡µрџ‡¦: 1
